PSNR_whole = 3.646630e+01
PSNR_no-salient = 3.641024e+01
PSNR_salient = 3.939611e+01
